0 0.0796875 0.3015625 0.159375 0.19375
0 0.1890625 0.3140625 0.1328125 0.1921875
0 0.28984375 0.33046875 0.1734375 0.1890625
0 0.440625 0.32578125 0.2109375 0.2234375
0 0.78203125 0.1953125 0.1546875 0.1625
0 0.646875 0.29375 0.1578125 0.146875
0 0.70625 0.1375 0.1328125 0.15
1 0.17421875 0.69609375 0.3015625 0.5625
1 0.40703125 0.71484375 0.3140625 0.5703125
1 0.55390625 0.74453125 0.3515625 0.5109375
1 0.85703125 0.63828125 0.2859375 0.6140625
1 0.70234375 0.5625 0.2 0.3515625
2 0.16796875 0.596875 0.3359375 0.80625
2 0.35859375 0.61328125 0.3203125 0.7734375
2 0.546875 0.59296875 0.41875 0.8140625
2 0.83203125 0.50625 0.3359375 0.878125
2 0.70078125 0.596875 0.28125 0.7234375
2 0.9125 0.534375 0.175 0.765625