0 0.18046875 0.14921875 0.1828125 0.196875
0 0.28671875 0.2078125 0.1359375 0.19375
0 0.37265625 0.2625 0.175 0.1921875
0 0.5140625 0.31640625 0.2140625 0.225
0 0.87890625 0.3296875 0.15625 0.1640625
0 0.715625 0.36796875 0.159375 0.1484375
0 0.83125 0.246875 0.134375 0.1515625
1 0.13984375 0.55234375 0.2796875 0.5640625
1 0.3234375 0.6765625 0.3234375 0.6046875
1 0.4515625 0.74453125 0.359375 0.5109375
1 0.778125 0.73046875 0.303125 0.5390625
1 0.66171875 0.63671875 0.2046875 0.353125
2 0.15859375 0.490625 0.3171875 0.8875
2 0.31796875 0.5671875 0.3328125 0.8109375
2 0.5046875 0.5984375 0.43125 0.803125
2 0.81328125 0.60078125 0.3734375 0.7984375
2 0.646875 0.653125 0.29375 0.69375
2 0.884375 0.66328125 0.23125 0.6734375