0 0.475 0.20859375 0.0625 0.0640625
0 0.98203125 0.5953125 0.0359375 0.065625
0 0.82890625 0.56328125 0.0484375 0.0515625
0 0.62734375 0.64609375 0.0265625 0.053125
0 0.59765625 0.6546875 0.0234375 0.05
0 0.66328125 0.6375 0.0171875 0.0359375
0 0.57890625 0.7734375 0.0484375 0.06875
0 0.4765625 0.771875 0.0375 0.078125
0 0.10546875 0.53828125 0.0421875 0.071875
2 0.96640625 0.76484375 0.0671875 0.4265625
2 0.8265625 0.753125 0.103125 0.43125
2 0.61640625 0.74609375 0.0765625 0.2484375
2 0.584375 0.865625 0.0875 0.26875
2 0.5015625 0.86484375 0.075 0.2703125
2 0.2 0.7203125 0.11875 0.559375
2 0.11328125 0.74375 0.1203125 0.5125
2 0.13203125 0.26640625 0.1234375 0.5328125
2 0.48984375 0.396875 0.1640625 0.471875
1 0.8296875 0.69296875 0.08125 0.1734375
1 0.5828125 0.915625 0.084375 0.16875
1 0.5046875 0.87265625 0.08125 0.2046875
1 0.61640625 0.746875 0.0671875 0.153125
1 0.1515625 0.10546875 0.09375 0.1890625