0 0.54140625 0.21015625 0.075 0.0765625
0 0.9484375 0.7015625 0.05 0.071875
0 0.80625 0.6359375 0.059375 0.0609375
0 0.59140625 0.67109375 0.0375 0.0578125
0 0.56015625 0.67265625 0.034375 0.0546875
0 0.628125 0.67109375 0.025 0.0390625
0 0.515625 0.78359375 0.0625 0.078125
0 0.41640625 0.759375 0.0546875 0.084375
0 0.10703125 0.44921875 0.0578125 0.0796875
2 0.89453125 0.8234375 0.1609375 0.353125
2 0.76171875 0.79921875 0.1984375 0.4015625
2 0.5578125 0.765625 0.1296875 0.259375
2 0.5 0.86640625 0.146875 0.2671875
2 0.41953125 0.85546875 0.134375 0.2796875
2 0.1578125 0.646875 0.2421875 0.571875
2 0.0921875 0.65078125 0.184375 0.5265625
2 0.19296875 0.23125 0.2390625 0.4625
2 0.51328125 0.396875 0.2671875 0.496875
1 0.778125 0.76171875 0.11875 0.1875
1 0.48671875 0.915625 0.1203125 0.16875
1 0.4203125 0.8640625 0.125 0.2171875
1 0.5578125 0.76640625 0.1 0.1640625
1 0.24921875 0.06953125 0.1328125 0.1390625