1 0.6125 0.51484375 0.1 0.1859375
1 0.678125 0.52421875 0.1125 0.196875
2 0.59921875 0.6046875 0.1609375 0.4796875
2 0.6796875 0.58984375 0.165625 0.4828125
2 0.734375 0.70546875 0.240625 0.5890625
2 0.05625 0.5515625 0.1125 0.50625
2 0.2 0.51171875 0.1390625 0.378125
2 0.11796875 0.5140625 0.14375 0.35625
2 0.24140625 0.415625 0.090625 0.26875
2 0.3046875 0.4078125 0.065625 0.178125
2 0.41640625 0.425 0.090625 0.196875
2 0.5734375 0.41875 0.090625 0.2234375
2 0.1859375 0.36015625 0.04375 0.1359375