1 0.38828125 0.48125 0.0984375 0.1859375
1 0.32265625 0.47109375 0.1109375 0.196875
2 0.375 0.57109375 0.1515625 0.4796875
2 0.3015625 0.5328125 0.1578125 0.4828125
2 0.20859375 0.65 0.2296875 0.6359375
2 0.92734375 0.6859375 0.1453125 0.50625
2 0.78359375 0.59921875 0.1328125 0.378125
2 0.8609375 0.625 0.1375 0.3546875
2 0.771875 0.49453125 0.0859375 0.26875
2 0.71328125 0.46875 0.0625 0.178125
2 0.60234375 0.453125 0.0875 0.196875
2 0.453125 0.40078125 0.0875 0.2234375
2 0.84140625 0.4578125 0.0421875 0.1359375