0 0.30703125 0.2875 0.0484375 0.0421875
0 0.453125 0.3265625 0.053125 0.0359375
0 0.5640625 0.3578125 0.04375 0.0390625
0 0.64140625 0.39453125 0.046875 0.0375
0 0.76953125 0.3890625 0.0515625 0.046875
0 0.83125 0.40546875 0.0484375 0.0390625
1 0.2921875 0.38125 0.0953125 0.14375
1 0.45 0.41796875 0.0953125 0.128125
1 0.5640625 0.44296875 0.0796875 0.1203125
1 0.6359375 0.4734375 0.090625 0.128125
1 0.75859375 0.4640625 0.096875 0.128125
1 0.83203125 0.48125 0.0765625 0.1125
2 0.27578125 0.4234375 0.1625 0.3546875
2 0.43046875 0.44765625 0.175 0.290625
2 0.5546875 0.47890625 0.121875 0.2890625
2 0.64296875 0.50546875 0.125 0.2625
2 0.75625 0.49609375 0.1171875 0.265625
2 0.82734375 0.5109375 0.096875 0.259375
2 0.89140625 0.54375 0.0984375 0.1796875