0 0.6578125 0.259375 0.053125 0.0484375
0 0.51875 0.321875 0.0578125 0.04375
0 0.4140625 0.3703125 0.046875 0.0453125
0 0.34375 0.41796875 0.0515625 0.04375
0 0.21640625 0.43203125 0.05625 0.053125
0 0.1578125 0.45859375 0.053125 0.0453125
1 0.68671875 0.35078125 0.1140625 0.1515625
1 0.53671875 0.41171875 0.1109375 0.1375
1 0.42734375 0.45390625 0.0953125 0.128125
1 0.3609375 0.4953125 0.10625 0.1375
1 0.2390625 0.5046875 0.1125 0.1375
1 0.16953125 0.5328125 0.0921875 0.1203125
2 0.709375 0.3890625 0.2125 0.3640625
2 0.5609375 0.4375 0.2140625 0.3046875
2 0.44296875 0.4875 0.1625 0.2953125
2 0.359375 0.52734375 0.1609375 0.2703125
2 0.24609375 0.5359375 0.1546875 0.2734375
2 0.178125 0.56171875 0.134375 0.2625
2 0.1203125 0.6046875 0.1234375 0.1875