0 0.56875 0.42734375 0.1265625 0.1546875
0 0.75546875 0.48515625 0.1515625 0.1046875
0 0.6265625 0.3296875 0.08125 0.1046875
0 0.7953125 0.39921875 0.0765625 0.096875
0 0.78515625 0.265625 0.053125 0.0765625
0 0.859375 0.27265625 0.053125 0.0625
0 0.81328125 0.06171875 0.0578125 0.0515625
0 0.88984375 0.071875 0.059375 0.0453125
1 0.33828125 0.4640625 0.3625 0.29375
1 0.796875 0.6765625 0.328125 0.278125
1 0.7296875 0.3203125 0.1171875 0.1015625
1 0.68359375 0.39921875 0.15625 0.15
2 0.35703125 0.64609375 0.5421875 0.7078125
2 0.73515625 0.66328125 0.5 0.528125
2 0.5859375 0.44765625 0.2421875 0.3375
2 0.70390625 0.43046875 0.228125 0.2578125
2 0.7421875 0.31640625 0.1671875 0.2015625
2 0.85859375 0.2921875 0.096875 0.1359375