0 0.440625 0.41953125 0.1109375 0.1421875
0 0.2484375 0.45390625 0.14375 0.0890625
0 0.3953125 0.315625 0.0703125 0.096875
0 0.21953125 0.3640625 0.0671875 0.0890625
0 0.24609375 0.2328125 0.0453125 0.071875
0 0.17109375 0.23046875 0.0453125 0.0578125
0 0.24296875 0.0265625 0.053125 0.0453125
0 0.165625 0.02734375 0.0546875 0.0390625
1 0.66484375 0.484375 0.334375 0.25625
1 0.18359375 0.6390625 0.303125 0.2453125
1 0.29375 0.29375 0.1078125 0.0890625
1 0.3296875 0.37734375 0.1421875 0.134375
2 0.62265625 0.66640625 0.4671875 0.6671875
2 0.246875 0.6328125 0.446875 0.478125
2 0.42109375 0.4375 0.20625 0.3171875
2 0.30625 0.40625 0.2015625 0.2359375
2 0.28203125 0.28828125 0.1453125 0.1859375
2 0.16953125 0.25 0.0828125 0.1265625