0 0.171875 0.33125 0.059375 0.05
0 0.26875 0.25 0.071875 0.0703125
0 0.37265625 0.16640625 0.0671875 0.0953125
0 0.50703125 0.16953125 0.1125 0.125
0 0.6640625 0.16171875 0.1265625 0.165625
1 0.275 0.39921875 0.1296875 0.2140625
1 0.378125 0.33125 0.1390625 0.234375
1 0.471875 0.3859375 0.184375 0.3171875
1 0.85859375 0.32421875 0.2796875 0.4109375
1 0.18515625 0.44140625 0.1 0.15625
2 0.1859375 0.47421875 0.1609375 0.36875
2 0.2828125 0.46640625 0.190625 0.5078125
2 0.396875 0.41875 0.2046875 0.609375
2 0.50703125 0.46015625 0.2640625 0.7265625
2 0.80390625 0.4796875 0.3921875 0.884375