0 0.178125 0.3203125 0.0578125 0.0484375
0 0.27734375 0.2421875 0.0703125 0.0671875
0 0.384375 0.1625 0.0640625 0.09375
0 0.51796875 0.16953125 0.109375 0.121875
0 0.67578125 0.16796875 0.121875 0.1625
1 0.27890625 0.39140625 0.121875 0.2109375
1 0.384375 0.32734375 0.1328125 0.23125
1 0.47578125 0.384375 0.1734375 0.3125
1 0.86484375 0.33671875 0.2671875 0.4046875
1 0.1875 0.43046875 0.0953125 0.1546875
2 0.18671875 0.46328125 0.1484375 0.3671875
2 0.284375 0.45859375 0.175 0.5046875
2 0.39921875 0.415625 0.184375 0.6078125
2 0.50859375 0.46015625 0.2390625 0.725
2 0.81171875 0.49140625 0.3765625 0.8765625